player:
  level: 1
  x: 51.26435
  y: 2.514532